epoch,error,learning_rate
0,0.0188925,0.001
1,0.0630524,0.0009999
2,0.100189,0.0009998
3,0.0492651,0.0009997
4,0.0550882,0.0009996
5,0.0506672,0.0009995
6,0.0772313,0.0009994
7,0.0945254,0.000999301
8,0.0658637,0.000999201
9,0.0579557,0.000999101
10,0.052742,0.000999001
11,0.0485243,0.000998901
12,0.0445116,0.000998802
13,0.0407305,0.000998702
14,0.0372679,0.000998602
15,0.0342706,0.000998502
16,0.0313234,0.000998403
17,0.0294372,0.000998303
18,0.0281472,0.000998203
19,0.0269129,0.000998104
20,0.025598,0.000998004
21,0.0242976,0.000997904
22,0.0234209,0.000997805
23,0.0227434,0.000997705
24,0.0255615,0.000997606
25,0.0519479,0.000997506
26,0.0526528,0.000997407
27,0.0436062,0.000997307
28,0.0429266,0.000997208
29,0.0389721,0.000997108
30,0.0346102,0.000997009
31,0.0324173,0.00099691
32,0.031347,0.00099681
33,0.0308254,0.000996711
34,0.0307214,0.000996612
35,0.0310411,0.000996512
36,0.031802,0.000996413
37,0.0330743,0.000996314
38,0.0349475,0.000996214
39,0.0372124,0.000996115
40,0.0389228,0.000996016
41,0.0389798,0.000995917
42,0.037818,0.000995818
43,0.0362196,0.000995718
44,0.0344866,0.000995619
45,0.0335929,0.00099552
46,0.0354853,0.000995421
47,0.0320011,0.000995322
48,0.0314173,0.000995223
49,0.0295196,0.000995124
50,0.0282154,0.000995025
51,0.0276726,0.000994926
52,0.0269514,0.000994827
53,0.0271562,0.000994728
54,0.0262043,0.000994629
55,0.026049,0.00099453
56,0.0247001,0.000994431
57,0.0244745,0.000994332
58,0.0241779,0.000994234
59,0.0234442,0.000994135
60,0.023118,0.000994036
61,0.0221513,0.000993937
62,0.0222952,0.000993838
63,0.022114,0.000993739
64,0.0214669,0.000993641
65,0.021258,0.000993542
66,0.021484,0.000993443
67,0.0214979,0.000993345
68,0.0211175,0.000993246
69,0.0211222,0.000993147
70,0.0212554,0.000993049
71,0.0212611,0.00099295
72,0.0209683,0.000992852
73,0.021014,0.000992753
74,0.0208194,0.000992654
75,0.0210024,0.000992556
76,0.0212352,0.000992457
77,0.0207915,0.000992359
78,0.0208296,0.00099226
79,0.0209317,0.000992162
80,0.021139,0.000992064
81,0.0218253,0.000991965
82,0.0212326,0.000991867
83,0.0210302,0.000991768
84,0.0210935,0.00099167
85,0.0211702,0.000991572
86,0.0212524,0.000991473
87,0.0213419,0.000991375
88,0.0214384,0.000991277
89,0.0215409,0.000991179
90,0.0216456,0.00099108
91,0.0217513,0.000990982
92,0.0218497,0.000990884
93,0.0219478,0.000990786
94,0.0220635,0.000990688
95,0.0221674,0.000990589
96,0.0222736,0.000990491
97,0.0223895,0.000990393
98,0.0224962,0.000990295
99,0.0225869,0.000990197
100,0.0226745,0.000990099
101,0.0227625,0.000990001
102,0.0228306,0.000989903
103,0.0228929,0.000989805
104,0.0229428,0.000989707
105,0.0229796,0.000989609
106,0.023018,0.000989511
107,0.023041,0.000989413
108,0.0230409,0.000989315
109,0.0230173,0.000989218
110,0.0229786,0.00098912
111,0.0229255,0.000989022
112,0.0228808,0.000988924
113,0.0228296,0.000988826
114,0.0227688,0.000988729
115,0.0227129,0.000988631
116,0.0226717,0.000988533
117,0.0226777,0.000988435
118,0.0226972,0.000988338
119,0.0227465,0.00098824
120,0.0228102,0.000988142
121,0.0228892,0.000988045
122,0.0229687,0.000987947
123,0.0230609,0.000987849
124,0.0231591,0.000987752
125,0.0232643,0.000987654
126,0.0233881,0.000987557
127,0.0235815,0.000987459
128,0.0237992,0.000987362
129,0.0253251,0.000987264
130,0.0253919,0.000987167
131,0.0241487,0.000987069
132,0.02434,0.000986972
133,0.0244703,0.000986875
134,0.025458,0.000986777
135,0.0250224,0.00098668
136,0.0248248,0.000986582
137,0.0246075,0.000986485
138,0.0244834,0.000986388
139,0.024314,0.000986291
140,0.02423,0.000986193
141,0.0238985,0.000986096
142,0.0237351,0.000985999
143,0.0255781,0.000985902
144,0.0255775,0.000985804
145,0.0234071,0.000985707
146,0.0233557,0.00098561
147,0.0228207,0.000985513
148,0.0226821,0.000985416
149,0.0232704,0.000985319
150,0.0225282,0.000985222
151,0.02238,0.000985125
152,0.0220152,0.000985028
153,0.0218532,0.000984931
154,0.0216008,0.000984834
155,0.0226157,0.000984737
156,0.022185,0.00098464
157,0.0211828,0.000984543
158,0.0208767,0.000984446
159,0.0206703,0.000984349
160,0.02061,0.000984252
161,0.0202486,0.000984155
162,0.020284,0.000984058
163,0.0202056,0.000983962
164,0.020804,0.000983865
165,0.0200339,0.000983768
166,0.0199253,0.000983671
167,0.0198627,0.000983574
168,0.0194978,0.000983478
169,0.0194794,0.000983381
170,0.0212133,0.000983284
171,0.0205158,0.000983188
172,0.0191981,0.000983091
173,0.0189335,0.000982994
174,0.0187671,0.000982898
175,0.0187796,0.000982801
176,0.01914,0.000982704
177,0.0183975,0.000982608
178,0.0183418,0.000982511
179,0.018367,0.000982415
180,0.0197128,0.000982318
181,0.018933,0.000982222
182,0.0181803,0.000982125
183,0.0179252,0.000982029
184,0.0176848,0.000981933
185,0.0175522,0.000981836
186,0.0176089,0.00098174
187,0.0182111,0.000981643
188,0.017377,0.000981547
189,0.0172101,0.000981451
190,0.0171994,0.000981354
191,0.0170922,0.000981258
192,0.0183346,0.000981162
193,0.0175109,0.000981065
194,0.0170855,0.000980969
195,0.0168636,0.000980873
196,0.0166496,0.000980777
197,0.0165619,0.000980681
198,0.01655,0.000980585
199,0.0177569,0.000980488
200,0.0169024,0.000980392
201,0.0165275,0.000980296
202,0.0163069,0.0009802
203,0.0161068,0.000980104
204,0.0160249,0.000980008
205,0.0160504,0.000979912
206,0.0171926,0.000979816
207,0.0163401,0.00097972
208,0.016024,0.000979624
209,0.0158074,0.000979528
210,0.0156274,0.000979432
211,0.0156047,0.000979336
212,0.0154441,0.00097924
213,0.016412,0.000979144
214,0.0156583,0.000979048
215,0.0154459,0.000978953
216,0.0153082,0.000978857
217,0.0153288,0.000978761
218,0.0148764,0.000978665
219,0.0148185,0.000978569
220,0.0158467,0.000978474
221,0.0151802,0.000978378
222,0.0150382,0.000978282
223,0.0151111,0.000978186
224,0.0151965,0.000978091
225,0.0148344,0.000977995
226,0.0145697,0.000977899
227,0.0151374,0.000977804
228,0.0147146,0.000977708
229,0.0148098,0.000977613
230,0.015914,0.000977517
231,0.0151245,0.000977422
232,0.0147383,0.000977326
233,0.0145,0.00097723
234,0.0144181,0.000977135
235,0.0141737,0.00097704
236,0.0149081,0.000976944
237,0.0144027,0.000976849
238,0.0142169,0.000976753
239,0.014287,0.000976658
240,0.0147396,0.000976562
241,0.0141806,0.000976467
242,0.0140605,0.000976372
243,0.0140027,0.000976277
244,0.0150291,0.000976181
245,0.014428,0.000976086
246,0.0140698,0.000975991
247,0.0138862,0.000975895
248,0.0138887,0.0009758
249,0.0135259,0.000975705
250,0.0136845,0.00097561
251,0.0148236,0.000975515
252,0.0142495,0.000975419
253,0.0138664,0.000975324
254,0.0136604,0.000975229
255,0.0136533,0.000975134
256,0.0131126,0.000975039
257,0.0129832,0.000974944
258,0.0132076,0.000974849
259,0.0134786,0.000974754
260,0.0144705,0.000974659
261,0.0139441,0.000974564
262,0.0136101,0.000974469
263,0.0134551,0.000974374
264,0.0134518,0.000974279
265,0.0138624,0.000974184
266,0.0134219,0.000974089
267,0.0132855,0.000973994
268,0.013202,0.000973899
269,0.0139809,0.000973805
270,0.0135373,0.00097371
271,0.0132416,0.000973615
272,0.0131941,0.00097352
273,0.0129405,0.000973426
274,0.0134774,0.000973331
275,0.0131899,0.000973236
276,0.0130757,0.000973141
277,0.0127754,0.000973047
278,0.0131543,0.000972952
279,0.0130388,0.000972857
280,0.0129608,0.000972763
281,0.0137532,0.000972668
282,0.0133134,0.000972573
283,0.0130144,0.000972479
284,0.0129749,0.000972384
285,0.0125658,0.00097229
286,0.012663,0.000972195
287,0.0128626,0.000972101
288,0.0128482,0.000972006
289,0.0128397,0.000971912
290,0.0122841,0.000971817
291,0.012063,0.000971723
292,0.0121213,0.000971629
293,0.0123257,0.000971534
294,0.0126652,0.00097144
295,0.0137217,0.000971345
296,0.013292,0.000971251
297,0.0129423,0.000971157
298,0.0128095,0.000971062
299,0.0125119,0.000970968
300,0.0129587,0.000970874
301,0.0127895,0.00097078
302,0.0126616,0.000970685
303,0.0123521,0.000970591
304,0.0125088,0.000970497
305,0.0131631,0.000970403
306,0.0128614,0.000970309
307,0.0126006,0.000970214
308,0.0125551,0.00097012
309,0.0127661,0.000970026
310,0.0125901,0.000969932
311,0.0124345,0.000969838
312,0.012743,0.000969744
313,0.0125567,0.00096965
314,0.0124166,0.000969556
315,0.0124238,0.000969462
316,0.0124429,0.000969368
317,0.0118125,0.000969274
318,0.0116202,0.00096918
319,0.0117341,0.000969086
320,0.012044,0.000968992
321,0.0123695,0.000968898
322,0.0124349,0.000968805
323,0.0124385,0.000968711
324,0.0120093,0.000968617
325,0.0124054,0.000968523
326,0.0124508,0.000968429
327,0.012172,0.000968336
328,0.012709,0.000968242
329,0.012516,0.000968148
330,0.0123115,0.000968054
331,0.0118345,0.000967961
332,0.0117693,0.000967867
333,0.0120751,0.000967773
334,0.0126581,0.000967679
335,0.0124902,0.000967586
336,0.0122541,0.000967492
337,0.0119534,0.000967399
338,0.0122251,0.000967305
339,0.0122968,0.000967212
340,0.0119148,0.000967118
341,0.0123269,0.000967024
342,0.012299,0.000966931
343,0.0120522,0.000966838
344,0.0121414,0.000966744
345,0.012183,0.000966651
346,0.0115843,0.000966557
347,0.011611,0.000966464
348,0.0119203,0.00096637
349,0.0123393,0.000966277
350,0.0122651,0.000966184
351,0.0120321,0.00096609
352,0.0116289,0.000965997
353,0.0116956,0.000965904
354,0.0121464,0.00096581
355,0.0122109,0.000965717
356,0.0119117,0.000965624
357,0.0119922,0.000965531
358,0.012067,0.000965437
359,0.0113809,0.000965344
360,0.0112444,0.000965251
361,0.0114323,0.000965158
362,0.0117851,0.000965065
363,0.0120573,0.000964972
364,0.0113883,0.000964879
365,0.0113624,0.000964785
366,0.01165,0.000964692
367,0.0121226,0.000964599
368,0.0121582,0.000964506
369,0.0118826,0.000964413
370,0.0116671,0.00096432
371,0.0117991,0.000964227
372,0.0118362,0.000964134
373,0.0120215,0.000964041
374,0.0113848,0.000963948
375,0.0114344,0.000963855
376,0.0117675,0.000963763
377,0.0117846,0.00096367
378,0.011983,0.000963577
379,0.0113553,0.000963484
380,0.0114045,0.000963391
381,0.0117462,0.000963298
382,0.0116861,0.000963206
383,0.0119241,0.000963113
384,0.0111728,0.00096302
385,0.0110151,0.000962927
386,0.0112068,0.000962835
387,0.0113805,0.000962742
388,0.0117944,0.000962649
389,0.0114284,0.000962557
390,0.0116794,0.000962464
391,0.0115991,0.000962371
392,0.0118711,0.000962279
393,0.0110561,0.000962186
394,0.0109596,0.000962094
395,0.0109004,0.000962001
396,0.0110114,0.000961908
397,0.0110657,0.000961816
398,0.0114296,0.000961723
399,0.0116957,0.000961631
400,0.0119531,0.000961539
401,0.0114781,0.000961446
402,0.0115356,0.000961354
403,0.0118498,0.000961261
404,0.0110042,0.000961169
405,0.0108764,0.000961076
406,0.0108786,0.000960984
407,0.0108162,0.000960892
408,0.0108641,0.000960799
409,0.0108147,0.000960707
410,0.0110209,0.000960615
411,0.0111606,0.000960523
412,0.0116599,0.00096043
413,0.0113327,0.000960338
414,0.0116729,0.000960246
415,0.0111994,0.000960154
416,0.0115061,0.000960062
417,0.0113819,0.000959969
418,0.0117883,0.000959877
419,0.0108991,0.000959785
420,0.0108522,0.000959693
421,0.0107805,0.000959601
422,0.010938,0.000959509
423,0.0109405,0.000959417
424,0.0113585,0.000959325
425,0.0113858,0.000959233
426,0.0117927,0.000959141
427,0.0110341,0.000959049
428,0.0109117,0.000958957
429,0.0112714,0.000958865
430,0.0112505,0.000958773
431,0.0117256,0.000958681
432,0.0108171,0.000958589
433,0.0107866,0.000958497
434,0.0107161,0.000958405
435,0.0108952,0.000958313
436,0.0108795,0.000958222
437,0.011319,0.00095813
438,0.0112335,0.000958038
439,0.0116842,0.000957946
440,0.0108022,0.000957854
441,0.0106915,0.000957763
442,0.010661,0.000957671
443,0.0106773,0.000957579
444,0.010616,0.000957488
445,0.010711,0.000957396
446,0.0106457,0.000957304
447,0.0109569,0.000957213
448,0.0109587,0.000957121
449,0.0115412,0.000957029
450,0.0109365,0.000956938
451,0.0112765,0.000956846
452,0.0110573,0.000956755
453,0.0115569,0.000956663
454,0.0107831,0.000956572
455,0.0110131,0.00095648
456,0.0109035,0.000956389
457,0.0114278,0.000956297
458,0.0108843,0.000956206
459,0.0112902,0.000956114
460,0.0109305,0.000956023
461,0.0114054,0.000955932
462,0.0108243,0.00095584
463,0.0112021,0.000955749
464,0.0108967,0.000955658
465,0.0113844,0.000955566
466,0.0107777,0.000955475
467,0.0111418,0.000955384
468,0.0108529,0.000955292
469,0.0113388,0.000955201
470,0.0107533,0.00095511
471,0.0111275,0.000955019
472,0.0108104,0.000954928
473,0.011287,0.000954836
474,0.0107312,0.000954745
475,0.0111213,0.000954654
476,0.0107658,0.000954563
477,0.0112306,0.000954472
478,0.0107068,0.000954381
479,0.0111125,0.00095429
480,0.0107198,0.000954199
481,0.0111736,0.000954107
482,0.0106781,0.000954016
483,0.0110969,0.000953925
484,0.0106734,0.000953834
485,0.0111184,0.000953744
486,0.0106435,0.000953653
487,0.0110717,0.000953562
488,0.0106288,0.000953471
489,0.0110687,0.00095338
490,0.0106049,0.000953289
491,0.0110385,0.000953198
492,0.0105857,0.000953107
493,0.0110232,0.000953016
494,0.0105634,0.000952926
495,0.0109997,0.000952835
496,0.0105419,0.000952744
497,0.0109796,0.000952653
498,0.0105196,0.000952562
499,0.0109578,0.000952472
500,0.0104975,0.000952381
501,0.0109355,0.00095229
502,0.0104748,0.0009522
503,0.0109131,0.000952109
504,0.010453,0.000952018
505,0.010891,0.000951928
506,0.0104308,0.000951837
507,0.0108681,0.000951747
508,0.0104091,0.000951656
509,0.0108477,0.000951565
510,0.0103876,0.000951475
511,0.0108285,0.000951384
512,0.0103663,0.000951294
513,0.0108072,0.000951203
514,0.0103448,0.000951113
515,0.0107869,0.000951022
516,0.0103233,0.000950932
517,0.0107655,0.000950842
518,0.0103011,0.000950751
519,0.0107449,0.000950661
520,0.0102819,0.00095057
521,0.0107245,0.00095048
522,0.010262,0.00095039
523,0.010703,0.000950299
524,0.0102425,0.000950209
525,0.0106818,0.000950119
526,0.0102234,0.000950029
527,0.0106612,0.000949938
528,0.0102037,0.000949848
529,0.0106407,0.000949758
530,0.0101839,0.000949668
531,0.0106207,0.000949577
532,0.0101645,0.000949487
533,0.0106003,0.000949397
534,0.0101487,0.000949307
535,0.0105789,0.000949217
536,0.010133,0.000949127
537,0.0105585,0.000949037
538,0.0101172,0.000948947
539,0.0105377,0.000948857
540,0.010103,0.000948767
541,0.0105172,0.000948677
542,0.0100889,0.000948587
543,0.0104969,0.000948497
544,0.0100749,0.000948407
545,0.0104762,0.000948317
546,0.0100609,0.000948227
547,0.0104552,0.000948137
548,0.0100472,0.000948047
549,0.0104336,0.000947957
550,0.0100344,0.000947867
551,0.0104126,0.000947778
552,0.0100214,0.000947688
553,0.0103914,0.000947598
554,0.0100084,0.000947508
555,0.01037,0.000947418
556,0.0099953,0.000947329
557,0.0103482,0.000947239
558,0.00998218,0.000947149
559,0.0103271,0.000947059
560,0.00996912,0.00094697
561,0.0103064,0.00094688
562,0.00995634,0.00094679
563,0.010286,0.000946701
564,0.00994327,0.000946611
565,0.010265,0.000946522
566,0.00993028,0.000946432
567,0.0102443,0.000946342
568,0.00991723,0.000946253
569,0.0102237,0.000946163
570,0.00990414,0.000946074
571,0.0102028,0.000945984
572,0.00989086,0.000945895
573,0.0101822,0.000945805
574,0.00987779,0.000945716
575,0.0101613,0.000945627
576,0.00986386,0.000945537
577,0.0101403,0.000945448
578,0.00985024,0.000945358
579,0.0101193,0.000945269
580,0.00983684,0.00094518
581,0.0100996,0.00094509
582,0.00982371,0.000945001
583,0.0100792,0.000944912
584,0.00981033,0.000944822
585,0.0100592,0.000944733
586,0.00979747,0.000944644
587,0.0100391,0.000944555
588,0.00978448,0.000944466
589,0.0100191,0.000944376
590,0.00977114,0.000944287
591,0.00999875,0.000944198
592,0.00975753,0.000944109
593,0.00997829,0.00094402
594,0.00974413,0.000943931
595,0.00995857,0.000943841
596,0.00973074,0.000943752
597,0.00993849,0.000943663
598,0.00971756,0.000943574
599,0.00991867,0.000943485
600,0.00970423,0.000943396
601,0.00989878,0.000943307
602,0.00969154,0.000943218
603,0.00987959,0.000943129
604,0.00967851,0.00094304
605,0.00986056,0.000942951
606,0.00966573,0.000942863
607,0.00984239,0.000942774
608,0.00965357,0.000942685
609,0.00982432,0.000942596
610,0.00964162,0.000942507
611,0.00980667,0.000942418
612,0.00963002,0.000942329
613,0.00978977,0.000942241
614,0.00961871,0.000942152
615,0.00977292,0.000942063
616,0.009607,0.000941974
617,0.00975623,0.000941886
618,0.0095952,0.000941797
619,0.00973979,0.000941708
620,0.00958352,0.00094162
621,0.00972432,0.000941531
622,0.00957209,0.000941442
623,0.00970893,0.000941354
624,0.00956123,0.000941265
625,0.00969352,0.000941176
626,0.0095505,0.000941088
627,0.00967812,0.000940999
628,0.00954004,0.000940911
629,0.00966338,0.000940822
630,0.00952975,0.000940734
631,0.00964855,0.000940645
632,0.00951909,0.000940557
633,0.00963472,0.000940468
634,0.0095086,0.00094038
635,0.00962086,0.000940292
636,0.00949829,0.000940203
637,0.00960805,0.000940115
638,0.0094886,0.000940026
639,0.00959573,0.000939938
640,0.00947933,0.00093985
641,0.00958344,0.000939761
642,0.00946995,0.000939673
643,0.00957183,0.000939585
644,0.00946062,0.000939497
645,0.00956025,0.000939408
646,0.00945089,0.00093932
647,0.00954974,0.000939232
648,0.0094423,0.000939144
649,0.00953932,0.000939055
650,0.00943346,0.000938967
651,0.0095295,0.000938879
652,0.0094254,0.000938791
653,0.00952002,0.000938703
654,0.00941749,0.000938615
655,0.00951067,0.000938527
656,0.00940994,0.000938438
657,0.00950193,0.00093835
658,0.00940261,0.000938262
659,0.00949312,0.000938174
660,0.00939491,0.000938086
661,0.00948476,0.000937998
662,0.00938793,0.00093791
663,0.00947749,0.000937822
664,0.00938062,0.000937734
665,0.00946992,0.000937647
666,0.00937361,0.000937559
667,0.0094626,0.000937471
668,0.00936668,0.000937383
669,0.00945595,0.000937295
670,0.00936031,0.000937207
671,0.00944972,0.000937119
672,0.00935434,0.000937032
673,0.00944433,0.000936944
674,0.00934861,0.000936856
675,0.00943848,0.000936768
676,0.00934341,0.00093668
677,0.00943429,0.000936593
678,0.00933862,0.000936505
679,0.00943038,0.000936417
680,0.00933374,0.00093633
681,0.00942697,0.000936242
682,0.00932922,0.000936154
683,0.00942386,0.000936067
684,0.00932525,0.000935979
685,0.0094213,0.000935891
686,0.00932131,0.000935804
687,0.00941764,0.000935716
688,0.0093171,0.000935629
689,0.00941455,0.000935541
690,0.00931257,0.000935454
691,0.00941114,0.000935366
692,0.00930849,0.000935279
693,0.00940797,0.000935191
694,0.00930423,0.000935104
695,0.00940458,0.000935016
696,0.00929976,0.000934929
697,0.00940162,0.000934842
698,0.00929526,0.000934754
699,0.00939844,0.000934667
700,0.009291,0.000934579
701,0.00939497,0.000934492
702,0.0092865,0.000934405
703,0.00939155,0.000934318
704,0.00928246,0.00093423
705,0.00938778,0.000934143
706,0.00927793,0.000934056
707,0.00938443,0.000933968
708,0.00927399,0.000933881
709,0.00938078,0.000933794
710,0.00926954,0.000933707
711,0.00937722,0.00093362
712,0.00926545,0.000933533
713,0.00937335,0.000933445
714,0.00926098,0.000933358
715,0.00936935,0.000933271
716,0.00925604,0.000933184
717,0.00936524,0.000933097
718,0.00925116,0.00093301
719,0.00936059,0.000932923
720,0.00924581,0.000932836
721,0.00935575,0.000932749
722,0.00924081,0.000932662
723,0.00935128,0.000932575
724,0.00923599,0.000932488
725,0.0093461,0.000932401
726,0.00923082,0.000932314
727,0.00934081,0.000932227
728,0.00922594,0.00093214
729,0.0093351,0.000932053
730,0.00922101,0.000931967
731,0.00932874,0.00093188
732,0.00921559,0.000931793
733,0.00932228,0.000931706
734,0.00920928,0.000931619
735,0.0093152,0.000931532
736,0.00920294,0.000931446
737,0.00930801,0.000931359
738,0.00919662,0.000931272
739,0.00930047,0.000931185
740,0.0091897,0.000931099
741,0.00929235,0.000931012
742,0.00918343,0.000930925
743,0.00928504,0.000930839
744,0.00917666,0.000930752
745,0.00927678,0.000930666
746,0.00916961,0.000930579
747,0.00926815,0.000930492
748,0.00916231,0.000930406
749,0.00925931,0.000930319
750,0.00915512,0.000930233
751,0.00925006,0.000930146
752,0.00914755,0.00093006
753,0.00924111,0.000929973
754,0.00913999,0.000929887
755,0.00923149,0.0009298
756,0.00913201,0.000929714
757,0.00922101,0.000929627
758,0.00912369,0.000929541
759,0.00921041,0.000929455
760,0.00911567,0.000929368
761,0.00919984,0.000929282
762,0.00910679,0.000929195
763,0.00918869,0.000929109
764,0.009098,0.000929023
765,0.00917746,0.000928936
766,0.0090891,0.00092885
767,0.00916634,0.000928764
768,0.00907967,0.000928678
769,0.0091546,0.000928591
770,0.00907038,0.000928505
771,0.00914339,0.000928419
772,0.00906146,0.000928333
773,0.00913209,0.000928247
774,0.0090518,0.00092816
775,0.00912036,0.000928074
776,0.00904195,0.000927988
777,0.0091086,0.000927902
778,0.00903276,0.000927816
779,0.00909716,0.00092773
780,0.00902334,0.000927644
781,0.00908555,0.000927558
782,0.00901359,0.000927472
783,0.00907381,0.000927386
784,0.0090036,0.0009273
785,0.00906155,0.000927214
786,0.00899382,0.000927128
787,0.00904933,0.000927042
788,0.00898381,0.000926956
789,0.00903782,0.00092687
790,0.0089738,0.000926784
791,0.00902567,0.000926698
792,0.00896391,0.000926612
793,0.00901413,0.000926526
794,0.00895369,0.000926441
795,0.00900204,0.000926355
796,0.00894357,0.000926269
797,0.00898979,0.000926183
798,0.00893357,0.000926097
799,0.00897785,0.000926012
800,0.00892323,0.000925926
801,0.00896548,0.00092584
802,0.00891275,0.000925755
803,0.00895365,0.000925669
804,0.008903,0.000925583
805,0.00894146,0.000925498
806,0.00889236,0.000925412
807,0.00892915,0.000925326
808,0.00888186,0.000925241
809,0.00891678,0.000925155
810,0.00887128,0.000925069
811,0.00890451,0.000924984
812,0.00886165,0.000924898
813,0.00889321,0.000924813
814,0.00885175,0.000924727
815,0.00888131,0.000924642
816,0.00884237,0.000924556
817,0.00887004,0.000924471
818,0.00883307,0.000924385
819,0.00885862,0.0009243
820,0.00882326,0.000924214
821,0.00884678,0.000924129
822,0.00881386,0.000924044
823,0.00883476,0.000923958
824,0.00880586,0.000923873
825,0.00882355,0.000923788
826,0.00879792,0.000923702
827,0.00881264,0.000923617
828,0.00879004,0.000923532
829,0.00880279,0.000923446
830,0.00878296,0.000923361
831,0.00879411,0.000923276
832,0.00877592,0.000923191
833,0.00878566,0.000923105
834,0.0087684,0.00092302
835,0.00877703,0.000922935
836,0.0087614,0.00092285
837,0.00876907,0.000922765
838,0.00875502,0.00092268
839,0.00876116,0.000922594
840,0.0087485,0.000922509
841,0.0087542,0.000922424
842,0.00874262,0.000922339
843,0.00874774,0.000922254
844,0.00873702,0.000922169
845,0.008741,0.000922084
846,0.00873182,0.000921999
847,0.00873543,0.000921914
848,0.00872658,0.000921829
849,0.00872955,0.000921744
850,0.00872156,0.000921659
851,0.00872372,0.000921574
852,0.00871648,0.000921489
853,0.00871901,0.000921404
854,0.00871252,0.000921319
855,0.00871579,0.000921234
856,0.00870941,0.00092115
857,0.00871251,0.000921065
858,0.00870648,0.00092098
859,0.00870926,0.000920895
860,0.00870414,0.00092081
861,0.00870608,0.000920726
862,0.00870174,0.000920641
863,0.00870329,0.000920556
864,0.00869988,0.000920471
865,0.00870116,0.000920387
866,0.00869837,0.000920302
867,0.0086989,0.000920217
868,0.00869635,0.000920133
869,0.00869644,0.000920048
870,0.00869419,0.000919963
871,0.00869482,0.000919879
872,0.00869408,0.000919794
873,0.00869473,0.000919709
874,0.00869377,0.000919625
875,0.00869451,0.00091954
876,0.0086947,0.000919456
877,0.00869558,0.000919371
878,0.00869624,0.000919287
879,0.00869769,0.000919202
880,0.00869864,0.000919118
881,0.0087002,0.000919033
882,0.00870145,0.000918949
883,0.00870277,0.000918864
884,0.00870351,0.00091878
885,0.00870497,0.000918695
886,0.00870635,0.000918611
887,0.00870752,0.000918527
888,0.00870954,0.000918442
889,0.00871149,0.000918358
890,0.00871337,0.000918274
891,0.00871583,0.000918189
892,0.00871806,0.000918105
893,0.00872029,0.000918021
894,0.00872279,0.000917937
895,0.00872563,0.000917852
896,0.00872812,0.000917768
897,0.00873059,0.000917684
898,0.00873324,0.0009176
899,0.00873602,0.000917515
900,0.00873911,0.000917431
901,0.00874209,0.000917347
902,0.00874553,0.000917263
903,0.00874955,0.000917179
904,0.00875362,0.000917095
905,0.00875781,0.000917011
906,0.008762,0.000916926
907,0.00876652,0.000916842
908,0.00877151,0.000916758
909,0.00877677,0.000916674
910,0.00878243,0.00091659
911,0.00878811,0.000916506
912,0.00879446,0.000916422
913,0.00880055,0.000916338
914,0.0088066,0.000916254
915,0.00881291,0.00091617
916,0.00881916,0.000916087
917,0.00882644,0.000916003
918,0.00883383,0.000915919
919,0.00884084,0.000915835
920,0.00884819,0.000915751
921,0.00885548,0.000915667
922,0.00886283,0.000915583
923,0.00887044,0.0009155
924,0.00887837,0.000915416
925,0.00888639,0.000915332
926,0.00889428,0.000915248
927,0.00890263,0.000915164
928,0.00891047,0.000915081
929,0.00891801,0.000914997
930,0.00892561,0.000914913
931,0.00893281,0.000914829
932,0.00893998,0.000914746
933,0.00894789,0.000914662
934,0.00895615,0.000914578
935,0.00896486,0.000914495
936,0.00897445,0.000914411
937,0.00898467,0.000914328
938,0.0089944,0.000914244
939,0.0090038,0.00091416
940,0.00901298,0.000914077
941,0.00902164,0.000913993
942,0.00903054,0.00091391
943,0.00904046,0.000913826
944,0.00905037,0.000913743
945,0.00906023,0.000913659
946,0.0090695,0.000913576
947,0.00907837,0.000913492
948,0.00908685,0.000913409
949,0.00909449,0.000913325
950,0.00910165,0.000913242
951,0.00910862,0.000913159
952,0.00911541,0.000913075
953,0.00912181,0.000912992
954,0.00912765,0.000912909
955,0.0091332,0.000912825
956,0.00913821,0.000912742
957,0.00914367,0.000912659
958,0.00914793,0.000912575
959,0.00915283,0.000912492
960,0.00915672,0.000912409
961,0.00916033,0.000912326
962,0.0091642,0.000912242
963,0.00916804,0.000912159
964,0.00917108,0.000912076
965,0.00917344,0.000911993
966,0.00917571,0.00091191
967,0.00917746,0.000911826
968,0.00917847,0.000911743
969,0.00917919,0.00091166
970,0.0091792,0.000911577
971,0.00917862,0.000911494
972,0.00917782,0.000911411
973,0.00917675,0.000911328
974,0.00917552,0.000911245
975,0.00917383,0.000911162
976,0.00917195,0.000911079
977,0.00916966,0.000910996
978,0.00916696,0.000910913
979,0.00916469,0.00091083
980,0.00916211,0.000910747
981,0.00915895,0.000910664
982,0.00915535,0.000910581
983,0.0091516,0.000910498
984,0.00914768,0.000910415
985,0.00914393,0.000910332
986,0.00913963,0.000910249
987,0.0091352,0.000910167
988,0.00913057,0.000910084
989,0.0091257,0.000910001
990,0.00912131,0.000909918
991,0.00911692,0.000909835
992,0.00911238,0.000909753
993,0.00910769,0.00090967
994,0.00910288,0.000909587
995,0.0090983,0.000909504
996,0.00909359,0.000909422
997,0.00908853,0.000909339
998,0.00908328,0.000909256
999,0.00907798,0.000909174
1000,0.00907266,0.000909091
1001,0.00906716,0.000909008
1002,0.00906123,0.000908926
1003,0.00905535,0.000908843
1004,0.00904927,0.000908761
1005,0.00904274,0.000908678
1006,0.0090361,0.000908595
1007,0.00902962,0.000908513
1008,0.00902318,0.00090843
1009,0.00901624,0.000908348
1010,0.00900955,0.000908265
1011,0.00900266,0.000908183
1012,0.00899564,0.0009081
1013,0.0089888,0.000908018
1014,0.008982,0.000907935
1015,0.00897533,0.000907853
1016,0.00896859,0.000907771
1017,0.00896233,0.000907688
1018,0.00895571,0.000907606
1019,0.00894916,0.000907523
1020,0.00894198,0.000907441
1021,0.00893482,0.000907359
1022,0.00892781,0.000907276
1023,0.00892039,0.000907194
1024,0.00891335,0.000907112
1025,0.00890635,0.00090703
1026,0.00889942,0.000906947
1027,0.00889242,0.000906865
1028,0.00888512,0.000906783
1029,0.0088779,0.000906701
1030,0.0088712,0.000906618
1031,0.00886431,0.000906536
1032,0.00885749,0.000906454
1033,0.00885057,0.000906372
1034,0.00884385,0.00090629
1035,0.00883698,0.000906208
1036,0.00882999,0.000906125
1037,0.00882331,0.000906043
1038,0.00881642,0.000905961
1039,0.0088097,0.000905879
1040,0.00880282,0.000905797
1041,0.00879614,0.000905715
1042,0.00878939,0.000905633
1043,0.00878267,0.000905551
1044,0.00877627,0.000905469
1045,0.00876991,0.000905387
1046,0.00876386,0.000905305
1047,0.00875766,0.000905223
1048,0.00875112,0.000905141
1049,0.00874458,0.000905059
1050,0.00873789,0.000904977
1051,0.00873131,0.000904895
1052,0.00872471,0.000904814
1053,0.00871818,0.000904732
1054,0.00871207,0.00090465
1055,0.00870593,0.000904568
1056,0.00869999,0.000904486
1057,0.0086938,0.000904405
1058,0.00868782,0.000904323
1059,0.00868163,0.000904241
1060,0.0086755,0.000904159
1061,0.00866923,0.000904077
1062,0.00866302,0.000903996
1063,0.00865701,0.000903914
1064,0.00865125,0.000903832
1065,0.00864545,0.000903751
1066,0.00864013,0.000903669
1067,0.00863457,0.000903587
1068,0.008629,0.000903506
1069,0.00862381,0.000903424
1070,0.00861857,0.000903342
1071,0.0086133,0.000903261
1072,0.00860798,0.000903179
1073,0.00860287,0.000903098
1074,0.0085975,0.000903016
1075,0.00859258,0.000902935
1076,0.00858725,0.000902853
1077,0.00858221,0.000902772
1078,0.00857707,0.00090269
1079,0.00857215,0.000902609
1080,0.0085673,0.000902527
1081,0.00856226,0.000902446
1082,0.00855738,0.000902364
1083,0.00855266,0.000902283
1084,0.00854771,0.000902201
1085,0.00854324,0.00090212
1086,0.00853865,0.000902039
1087,0.0085341,0.000901957
1088,0.00852962,0.000901876
1089,0.00852504,0.000901795
1090,0.00852059,0.000901713
1091,0.00851609,0.000901632
1092,0.00851168,0.000901551
1093,0.00850709,0.000901469
1094,0.00850303,0.000901388
1095,0.00849888,0.000901307
1096,0.0084943,0.000901226
1097,0.00849049,0.000901145
1098,0.00848589,0.000901063
1099,0.00848181,0.000900982
1100,0.00847768,0.000900901
1101,0.00847352,0.00090082
1102,0.00846941,0.000900739
1103,0.00846554,0.000900658
1104,0.00846168,0.000900576
1105,0.00845787,0.000900495
1106,0.00845443,0.000900414
1107,0.00845058,0.000900333
1108,0.00844684,0.000900252
1109,0.00844305,0.000900171
1110,0.00843904,0.00090009
1111,0.00843498,0.000900009
1112,0.0084312,0.000899928
1113,0.00842715,0.000899847
1114,0.00842336,0.000899766
1115,0.00841946,0.000899685
1116,0.00841554,0.000899604
1117,0.00841153,0.000899523
1118,0.00840773,0.000899442
1119,0.00840394,0.000899362
1120,0.00840031,0.000899281
1121,0.00839677,0.0008992
1122,0.00839319,0.000899119
1123,0.00838976,0.000899038
1124,0.00838637,0.000898957
1125,0.0083831,0.000898876
1126,0.00837972,0.000898796
1127,0.00837639,0.000898715
1128,0.00837309,0.000898634
1129,0.00836988,0.000898553
1130,0.00836677,0.000898473
1131,0.00836355,0.000898392
1132,0.0083602,0.000898311
1133,0.00835694,0.000898231
1134,0.00835382,0.00089815
1135,0.00835064,0.000898069
1136,0.00834762,0.000897989
1137,0.00834471,0.000897908
1138,0.00834169,0.000897827
1139,0.00833862,0.000897747
1140,0.00833563,0.000897666
1141,0.00833272,0.000897586
1142,0.00832966,0.000897505
1143,0.00832671,0.000897424
1144,0.00832386,0.000897344
1145,0.00832076,0.000897263
1146,0.00831773,0.000897183
1147,0.00831461,0.000897102
1148,0.0083117,0.000897022
1149,0.00830846,0.000896941
1150,0.00830517,0.000896861
1151,0.00830229,0.000896781
1152,0.00829935,0.0008967
1153,0.00829636,0.00089662
1154,0.00829338,0.000896539
1155,0.0082903,0.000896459
1156,0.00828727,0.000896379
1157,0.0082841,0.000896298
1158,0.00828137,0.000896218
1159,0.0082784,0.000896138
1160,0.0082754,0.000896057
1161,0.0082725,0.000895977
1162,0.00826953,0.000895897
1163,0.00826652,0.000895817
1164,0.00826357,0.000895736
1165,0.00826065,0.000895656
1166,0.00825779,0.000895576
1167,0.00825492,0.000895496
1168,0.00825199,0.000895416
1169,0.00824898,0.000895335
1170,0.0082462,0.000895255
1171,0.00824346,0.000895175
1172,0.00824066,0.000895095
1173,0.00823801,0.000895015
1174,0.00823528,0.000894935
1175,0.00823218,0.000894855
1176,0.00822926,0.000894775
1177,0.00822653,0.000894695
1178,0.00822362,0.000894614
1179,0.00822081,0.000894534
1180,0.008218,0.000894454
1181,0.00821516,0.000894374
1182,0.00821228,0.000894294
1183,0.0082094,0.000894214
1184,0.00820644,0.000894135
1185,0.00820372,0.000894055
1186,0.00820106,0.000893975
1187,0.0081984,0.000893895
1188,0.00819592,0.000893815
1189,0.00819322,0.000893735
1190,0.00819066,0.000893655
1191,0.00818784,0.000893575
1192,0.00818537,0.000893495
1193,0.00818282,0.000893416
1194,0.00818028,0.000893336
1195,0.00817758,0.000893256
1196,0.00817477,0.000893176
1197,0.00817226,0.000893096
1198,0.00816956,0.000893017
1199,0.00816663,0.000892937
1200,0.00816408,0.000892857
1201,0.00816134,0.000892777
1202,0.00815879,0.000892698
1203,0.00815633,0.000892618
1204,0.0081536,0.000892538
1205,0.00815102,0.000892459
1206,0.0081483,0.000892379
1207,0.00814585,0.0008923
1208,0.00814353,0.00089222
1209,0.0081411,0.00089214
1210,0.00813856,0.000892061
1211,0.00813625,0.000891981
1212,0.00813373,0.000891902
1213,0.00813168,0.000891822
1214,0.00812945,0.000891743
1215,0.00812732,0.000891663
1216,0.00812516,0.000891583
1217,0.00812283,0.000891504
1218,0.0081205,0.000891425
1219,0.00811835,0.000891345
1220,0.00811621,0.000891266
1221,0.00811388,0.000891186
1222,0.00811145,0.000891107
1223,0.00810907,0.000891027
1224,0.00810681,0.000890948
1225,0.00810425,0.000890869
1226,0.00810211,0.000890789
1227,0.00809984,0.00089071
1228,0.00809741,0.000890631
1229,0.00809501,0.000890551
1230,0.00809267,0.000890472
1231,0.00809023,0.000890393
1232,0.00808785,0.000890313
1233,0.00808553,0.000890234
1234,0.00808332,0.000890155
1235,0.00808098,0.000890076
1236,0.00807874,0.000889996
1237,0.00807651,0.000889917
1238,0.0080742,0.000889838
1239,0.00807219,0.000889759
1240,0.00806999,0.00088968
1241,0.00806792,0.000889601
1242,0.00806587,0.000889521
1243,0.00806386,0.000889442
1244,0.00806184,0.000889363
1245,0.00806004,0.000889284
1246,0.00805808,0.000889205
1247,0.00805631,0.000889126
1248,0.0080543,0.000889047
1249,0.00805244,0.000888968
1250,0.00805045,0.000888889
1251,0.00804839,0.00088881
1252,0.00804648,0.000888731
1253,0.00804435,0.000888652
1254,0.00804214,0.000888573
1255,0.00804006,0.000888494
1256,0.0080379,0.000888415
1257,0.00803585,0.000888336
1258,0.00803373,0.000888257
1259,0.00803157,0.000888178
1260,0.00802956,0.000888099
1261,0.00802728,0.000888021
1262,0.0080253,0.000887942
1263,0.00802336,0.000887863
1264,0.00802142,0.000887784
1265,0.00801965,0.000887705
1266,0.00801789,0.000887626
1267,0.00801617,0.000887548
1268,0.00801448,0.000887469
1269,0.00801299,0.00088739
1270,0.0080114,0.000887312
1271,0.00801,0.000887233
1272,0.00800858,0.000887154
1273,0.00800722,0.000887075
1274,0.00800576,0.000886997
1275,0.00800425,0.000886918
1276,0.00800296,0.000886839
1277,0.00800156,0.000886761
1278,0.00800032,0.000886682
1279,0.00799864,0.000886603
1280,0.00799741,0.000886525
1281,0.0079963,0.000886446
1282,0.00799529,0.000886368
1283,0.00799412,0.000886289
1284,0.00799307,0.000886211
1285,0.00799212,0.000886132
1286,0.00799135,0.000886054
1287,0.00799051,0.000885975
1288,0.00798997,0.000885897
1289,0.00798947,0.000885818
1290,0.0079892,0.00088574
1291,0.00798936,0.000885661
1292,0.00798962,0.000885583
1293,0.0079902,0.000885504
1294,0.00799131,0.000885426
1295,0.0079932,0.000885348
1296,0.00799619,0.000885269
1297,0.00800072,0.000885191
1298,0.00800751,0.000885113
1299,0.00801823,0.000885034
1300,0.00803758,0.000884956
1301,0.00807174,0.000884877
1302,0.00813524,0.000884799
1303,0.0082586,0.000884721
1304,0.00845567,0.000884643
1305,0.00841371,0.000884564
1306,0.00839213,0.000884486
1307,0.00833892,0.000884408
1308,0.00839127,0.00088433
1309,0.00834707,0.000884251
1310,0.00841841,0.000884173
1311,0.00839629,0.000884095
1312,0.00844306,0.000884017
1313,0.00839577,0.000883939
1314,0.00842474,0.000883861
1315,0.00835547,0.000883783
1316,0.00839744,0.000883705
1317,0.00834094,0.000883626
1318,0.0083791,0.000883548
1319,0.00831611,0.00088347
1320,0.00835695,0.000883392
1321,0.00829621,0.000883314
1322,0.00833755,0.000883236
1323,0.00827612,0.000883158
1324,0.00831777,0.00088308
1325,0.00825854,0.000883002
1326,0.00829897,0.000882924
1327,0.00824192,0.000882846
1328,0.00828115,0.000882768
1329,0.00822615,0.00088269
1330,0.00826431,0.000882613
1331,0.00821133,0.000882535
1332,0.0082489,0.000882457
1333,0.00819706,0.000882379
1334,0.00823377,0.000882301
1335,0.00818307,0.000882223
1336,0.00821955,0.000882145
1337,0.00816978,0.000882068
1338,0.00820592,0.00088199
1339,0.00815702,0.000881912
1340,0.00819276,0.000881834
1341,0.00814454,0.000881757
1342,0.00817999,0.000881679
1343,0.0081328,0.000881601
1344,0.00816832,0.000881523
1345,0.00812124,0.000881446
1346,0.00815669,0.000881368
1347,0.00811039,0.00088129
1348,0.0081453,0.000881213
1349,0.00809976,0.000881135
1350,0.00813454,0.000881057
1351,0.00808983,0.00088098
1352,0.00812445,0.000880902
1353,0.00808015,0.000880824
1354,0.0081145,0.000880747
1355,0.00807064,0.000880669
1356,0.00810524,0.000880592
1357,0.00806275,0.000880514
1358,0.00809626,0.000880437
1359,0.00805508,0.000880359
1360,0.00808748,0.000880282
1361,0.00804791,0.000880204
1362,0.00807899,0.000880127
1363,0.00804111,0.000880049
1364,0.00807086,0.000879972
1365,0.00803422,0.000879894
1366,0.00806251,0.000879817
1367,0.00802765,0.00087974
1368,0.00805473,0.000879662
1369,0.00802162,0.000879585
1370,0.00804732,0.000879508
1371,0.00801568,0.00087943
1372,0.00804007,0.000879353
1373,0.00800981,0.000879275
1374,0.00803311,0.000879198
1375,0.00800413,0.000879121
1376,0.00802675,0.000879044
1377,0.00799905,0.000878966
1378,0.00802037,0.000878889
1379,0.00799438,0.000878812
1380,0.0080147,0.000878735
1381,0.00798984,0.000878657
1382,0.00800948,0.00087858
1383,0.00798592,0.000878503
1384,0.00800458,0.000878426
1385,0.00798207,0.000878349
1386,0.00799977,0.000878272
1387,0.00797807,0.000878194
1388,0.00799504,0.000878117
1389,0.00797429,0.00087804
1390,0.00799074,0.000877963
1391,0.00797063,0.000877886
1392,0.00798617,0.000877809
1393,0.00796707,0.000877732
1394,0.00798208,0.000877655
1395,0.00796404,0.000877578
1396,0.00797785,0.000877501
1397,0.00796086,0.000877424
1398,0.00797429,0.000877347
1399,0.00795832,0.00087727
1400,0.00797068,0.000877193
1401,0.00795586,0.000877116
1402,0.00796748,0.000877039
1403,0.00795298,0.000876962
1404,0.00796404,0.000876885
1405,0.00795027,0.000876808
1406,0.00796049,0.000876732
1407,0.00794766,0.000876655
1408,0.00795725,0.000876578
1409,0.00794519,0.000876501
1410,0.00795415,0.000876424
1411,0.00794253,0.000876347
1412,0.0079507,0.000876271
1413,0.00794005,0.000876194
1414,0.00794725,0.000876117
1415,0.00793734,0.00087604
1416,0.00794397,0.000875964
1417,0.00793476,0.000875887
1418,0.00794045,0.00087581
