0.2944126065284445 0.18540645090928054 0.5079232277835135 -0.42543648656564836 0.8635994638459892
-0.43261220368769093 0.8635104469568124 -0.14185202761779747 -0.08519072512205428 -0.9763292802750347
0.22857864049581744 0.6750936551972744 -0.9181912515640378 -0.4921516562182886 -0.7659737215937064
0.30147447948253014 0.569025622650396 -0.7735372616812346 -0.8234323557615106 -0.21594156997062566
0.5680705580133516 0.4519951192452396 -0.6934278670356098 0.796977208023756 -0.9807624189093361
-0.336831796533559 0.05509254332622904 0.5034908687044624 -0.3431734592880933 0.439228740426104
-0.3399901944607737 -0.3213428241149021 0.023448663833669725 0.39858187550506163 -0.3836823843775474
-0.7561487153770912 0.6588805364493469 0.7795051580416208 -0.5036725019811474 -0.13146988722758027
-0.5496524763410515 -0.45959706569169567 0.15138112623719668 0.6088647471930786 -0.5205876123522198
0.8644398018462882 0.20697611684010941 0.5416572854445683 0.46876650265248276 0.6671337334326645
-0.6189295731728337 0.2884785402150938 0.6131896208910286 0.3697337228933857 -0.616234274862417
0.374606198357599 0.43769841100773665 0.2097062832768246 -0.8900687397838813 0.860720256921204
-0.36255740966764693 0.8577790920807169 0.8487195101245271 -0.40541964348411774 0.03379621496779004
0.7781405288596848 -0.27106099901559433 0.22213956600820106 0.3448016849806992 0.79954628608493
-0.31409593777161504 -0.8983765975149138 -0.5988088788027626 0.5163598176530797 -0.5062993461244907
0.6473708165989616 -0.9773319450666729 -0.1373572839327375 -0.22608592606602218 0.989844851940541
-0.2976170987856277 0.4289591415537477 0.01802804604076025 -0.010998939282695241 -0.6423413213265674
-0.09599726255012664 -0.5227964745548406 -0.44195007615810256 0.19908820520117998 -0.212603955328583
-0.7433344030226743 0.9623503880002129 -0.8913508229468496 -0.17488903277113987 -0.6589681248815343
-0.22724500554214355 -0.9314125236560673 0.04815768995375014 -0.8085116407922222 0.9999504048095836
0.522340154257336 -0.19431120880778274 0.24955950850520892 -0.8088180610045892 0.9792169124845601
-0.6549284396695763 0.259710807951949 0.33353376449387073 0.39836455429071216 -0.8302020527719933
0.10020064349219782 0.268108511637289 -0.27903497561374024 -0.4142156620988826 -0.032721339797687286
0.8382499498792972 0.9789929007916354 0.02972678807249851 -0.9280370260462498 0.7291101578824675
0.24134438115496226 0.2645579827835194 0.2498083889934657 0.26422160612094725 -0.03761794085068494
0.18002697896382158 0.2138040333949467 0.6271114490189817 0.35577175569022623 0.2353344213109786
-0.4996347726278354 0.5814492629519807 0.6807414264831293 0.6063177881246171 -0.8450509220458502
-0.3492830740699284 0.28899095370706585 -0.04776678684430147 -0.24892577345514266 -0.42332752484030456
0.022419477609274097 0.787135848409807 0.7169845062147198 -0.4004869785815437 0.3454845816812898
0.3219775730180019 0.09495419453551768 -0.8757915915140377 -0.11870446301028847 -0.5055883441466424
0.19043738380151742 -0.1865985772476868 -0.2323079375612549 -0.703505001068125 0.7501130589105786
0.2642454266214165 0.1973023501448914 -0.0546089728867134 -0.5172832737562962 0.5052031746767207
-0.36914303705137086 0.783038777612725 0.12908356643197294 0.3274745585228518 -0.9758486462584407
-0.3651663329562904 -0.6401011881238623 0.5991477844961168 -0.45537497220049805 0.9710188884967427
0.5543087025925246 0.14020660256212714 0.014281027810487013 0.981520565537904 -0.5253593945779015
0.50589764444732 -0.45995535196839743 -0.9526582305310312 0.9829732297442411 -0.8247604588211674
0.7388063211963058 0.9238103156379607 0.2231231016855253 -0.07410681881466896 0.11199049982788974
-0.638650394263252 -0.3290249004246051 -0.8781294079771409 0.5257055624690001 -0.9898407205186369
0.505165106411255 0.6700432947248542 -0.02541092913495535 0.5955047280569137 -0.7073865153271726
-0.9967985508784674 -0.7790307548661095 0.7529779872055717 0.5468214219866492 -0.011610969889521148
0.6649919236227813 0.8341309153580538 -0.32226072284659435 0.17676306045011003 -0.6195448830752686
-0.7570277317923721 0.05319086020624231 -0.5920753990602152 -0.1644157614070496 -0.9450927279249363
-0.1635543270167148 -0.21209517412621537 0.6339804662361224 0.8096199539432649 -0.12675672361018925
-0.8347722829917106 0.23710331331062595 0.8563987029852829 0.43286293245446505 -0.6038639345364094
0.9196703676131743 -0.9920928335372461 -0.8066111626611139 0.8768300697772946 0.2263433606588395
0.014364841696590469 -0.20950236781798015 0.2710142992573905 0.8327235531500576 -0.33145189450278245
0.3162074535891892 0.1941561597029713 0.39428425450678706 -0.33605882790892183 0.7528584980760543
-0.11770530922400502 0.1533783612581039 -0.4883521081095139 -0.5025106279295095 -0.2541078376816004
-0.154210389859452 -0.503631203413389 0.22703177991516288 0.5881613033623856 -0.011708442363027058
-0.6768545630004856 -0.45305618855280794 0.14602441647376474 0.19591272497087875 -0.270282733710781
0.8864253548283683 0.6996516143354377 -0.13235765883001704 -0.9747004045466527 0.8568438050963489
-0.30170608141497746 0.5962348009362095 -0.07032587100705201 -0.6782466241991574 -0.2859715136903119
0.2879910346187695 -0.09017376085481099 -0.058268565596269806 -0.2759747776061181 0.561229865331317
0.1566179512724708 -0.8275081546077054 -0.22809065835426146 -0.5846246769553316 0.9736353349080282
-0.28070795282924244 -0.6846202828604435 0.622502018782455 0.5075997452627969 0.49585107921138394
0.5559092837621984 0.964101352778177 -0.6507919766023627 -0.17275567585531282 -0.7746923167322228
-0.956592270449828 -0.9982085122168527 -0.9414846333211768 -0.8955066181341182 -0.004361759589541484
-0.4845563655705978 0.13360499256609915 -0.6479278731200988 -0.6404481414066059 -0.5856170528932698
0.4570653005348353 -0.08075654400881183 0.7546255101024193 -0.14323362335422263 0.9908857997823001
-0.2281050649723011 -0.34670076503889247 0.02866670691983808 -0.7395356421086985 0.7750524211059162
-0.2994755052996865 0.3446646164807172 0.660010062469983 0.3059021804767188 -0.2859831185347946
-0.6863699504746226 0.8532649230477205 0.38477976264699865 -0.5961114498289528 -0.5301213393924998
0.03921082982161006 -0.9010009734702877 -0.9270875830825667 0.3323651764814386 -0.31384595887656996
-0.8667271813522182 -0.2181378296597174 -0.623107149403612 -0.6082611436985381 -0.6158271343908057
0.6186277026464726 0.35155644227787586 0.608624439365226 -0.3196793432469234 0.9303532346555373
-0.7960097410270421 0.30495993700483437 -0.3404301910013261 0.6405057871418738 -0.872202421389387
0.5387353708580656 0.005914662279243643 0.7491460661585476 0.7037888461424746 0.5464989332551478
-0.2567087553976033 -0.5822904900561299 -0.387485412655584 -0.7982667750058681 0.6715977196191851
-0.5311256073047874 -0.9954874459855312 -0.6884291328379384 0.04152202744218547 -0.2624779724922362
-0.04059707440139437 0.47874833255119076 -0.27434173784112637 -0.26357014253135835 -0.5056342881235844
-0.8624678925641813 -0.43187621665136877 0.4871512114456904 -0.6197651233147572 0.6259309385353192
-0.4865122557696815 -0.5751684313532464 0.6996264946129571 -0.2834967326283304 0.8780534495048627
-0.6777269444110177 0.3448132978049119 -0.7568549567967815 0.28599204153757074 -0.8801629651130105
0.3926432822310726 0.6773892028244417 0.6776698792340268 -0.5876971461473861 0.8308431796496102
-0.3220376061560175 -0.8210770960145379 0.23336984455140697 -0.21352667861483643 0.8110448416252601
-0.6770505368759503 0.9213163088365519 0.34269846865720344 -0.6525320442582445 -0.5672282192348271
-0.27945226891187835 0.2391306163017337 -0.45048686874830635 -0.2578540942051706 -0.6527551991589096
-0.49844659018395965 -0.27912135988073095 0.712936338787538 -0.5186759539597663 0.8480460274974366
0.3423270958002469 -0.7341755519163857 0.7672061159695891 -0.3968022799291824 0.7839987908390004
0.8921641350929397 0.0994495879308741 -0.25263609811013654 -0.3950261790211691 0.8046612037855908
-0.9931243626993267 -0.7778677477695175 0.31942831703338004 -0.4606922454638407 0.5353009027225696
0.29537350073451285 0.9426176995831257 0.2769082360549713 0.9629614229274408 -0.9719294445062586
0.9798730857168807 0.15226636137441396 -0.7404381686110011 -0.9008138684778133 0.8349172544040976
-0.4144194955778253 -0.2800920540904326 0.19728486765879127 0.9210357623944048 -0.7565873989406797
0.6382617844015395 0.9533955709223476 0.18679859318779446 -0.20919627817001119 0.08077299507083621
-0.7273376841477563 -0.676044981721319 -0.16455712374939013 -0.7797206563370536 0.5344617909059628
-0.6784677548449787 -0.297189023858381 0.20891467877467895 0.8241036773047139 -0.8395572454056379
0.5804194892993639 -0.7309751380035514 0.9467043886817526 0.9180179476616317 0.9735030831029122
0.26534526726885566 -0.6641901449457768 0.5570118901296954 -0.09856548843684476 0.9998975211798308
0.8883959014107505 0.7167983148082326 -0.4424742635718071 0.13072452896163256 -0.390892650797755
0.1961880153000497 0.8939343263606876 0.0421623245348961 0.5860434049724432 -0.9463113175198092
-0.33287944870534436 -0.10167465623710581 -0.9943526684921085 0.841883993899428 -0.8791860314937191
0.03106416611448304 0.603729237625102 0.12012951209065692 0.6873556460723385 -0.9085880587500924
-0.38884380719028777 -0.5733762308127437 -0.8517647319733095 -0.42128161255917185 -0.24347852050792124
0.8520703587802603 0.05042500091646307 -0.988478108419875 0.5613195743460908 -0.6802856739661142
0.41043952518004256 -0.3272357306292968 0.4074196410080424 0.08201732421336949 0.8738558880621864
0.8445437085885017 -0.856887104431074 -0.27013838674852586 0.08477228204526033 0.9749553399757017
0.8712425811482776 0.8242992017693123 0.4230928963986338 0.8635260040626416 -0.3834137748756198
0.2554158319403015 0.39218146142161014 0.6716930952809628 0.9714032951503835 -0.42274832737544865
0.23743995786514183 -0.9788490053589147 -0.19732108524315617 -0.03199885105524203 0.8679038365669596
0.9843396243306033 0.7263718744922947 0.643228591187436 -0.7301980966509378 0.9981644962661099
-0.5756331211165608 0.8562120682529921 -0.9709859941713324 0.6016037567892794 -0.13672807698190104
-0.9157045734762812 -0.2705459952225864 -0.17047842232533683 -0.1053873136521506 -0.6520231037470298
-0.3253217852413621 0.8092577991294312 -0.9209301195236037 -0.28852033430031865 -0.9808157996475906
0.09961180160329808 0.4796689282579776 -0.837843085890597 0.7762813970115492 -0.9117033264578704
0.5295571982289007 -0.5158901277914243 0.4615711002438301 0.4430623036000465 0.8742826886548252
0.9601602798102804 -0.9510778705514877 -0.9733256209124306 0.6969925198889109 0.23859616592650335
-0.7706389494198762 -0.854032720292333 0.4050747315018295 0.1449547701175391 0.3367976141367888
-0.9628626363025241 0.6301656514404268 0.09660300266949085 -0.9874484192309565 -0.4872840568093515
-0.5309168871041088 0.04147935620004328 0.8062771145167613 0.8508109176721332 -0.578533857398311
0.9821855678005613 0.4348581323306073 0.7775046835657995 0.06820361292864718 0.9510538725183529
0.9603069291390562 -0.9011303123027092 -0.5601037591258797 -0.5437726288864662 0.9626123942948505
-0.20646310633708764 -0.8175917588328163 0.5340810666567009 0.1104350371913907 0.8597473039451816
-0.9505362618736968 0.8927099994694259 0.12474220275851033 0.9259537256246417 -0.4769091855806996
0.9270467473536335 0.7124724666159916 -0.09088722274033323 -0.534390205788351 0.6115967729168325
-0.5819948073919183 0.9759739752838068 -0.12794762717185137 -0.8708772141892556 -0.7277524811037445
0.7259829624067913 0.1033875810270497 0.28939080903608905 -0.43253225475264934 0.9745082077153938
0.955687935808547 -0.39060862375994865 0.7732726697046379 0.48497037607998617 0.9979653091816797
0.23978598543015228 -0.7452772782217791 -0.40611528282034115 0.49992122717382026 0.07894452265980474
0.7148534794941543 0.40563848321823603 -0.6397828785822219 0.24472274279323236 -0.5440786580596854
-0.39243778925211337 0.6419388959108461 -0.2125353955906577 -0.8356660498511619 -0.3997517791362424
-0.20836893149713687 0.9820934291880314 -0.11873957298697668 -0.7208050992323847 -0.5550281730414225
0.1671860035450934 0.6199981714367577 0.7850965909856149 0.7902412857027921 -0.4421164232666321
-0.26925902418208114 0.15630865216185108 0.2757861261118151 0.9605344110957352 -0.8958391368114861
-0.9431479924394832 0.6319127627586658 -0.1872162401435038 -0.8255578879146661 -0.8056187263484687
0.3057856958327647 0.11048208453220654 -0.1300550040702244 -0.29492149937249 0.3524334304068429
-0.16035792429730877 0.21209621835617654 -0.3430536266165565 0.4477055929699938 -0.9180815958167249
-0.8711295478639842 -0.46503439391001034 0.11513696096143433 0.34980259904003086 -0.5978054965357807
-0.7783408794073614 0.009729549244287705 0.21704941899536023 -0.4040522825821897 -0.16619399994697587
0.8238857111271476 -0.5489302884021603 0.31136642237514 -0.15837462901164967 0.9632997622175771
-0.47115453361703197 0.7452426851996443 0.9108132270809621 -0.9142027996234781 0.5717348226562214
0.5046134139079748 0.18615289633933463 0.3082473246029529 0.835517776018798 -0.20729583101640908
-0.5337687907258513 -0.9258105532655572 -0.10165383391536742 0.3793746621625915 -0.08886933772930104
-0.01938515697995391 0.5370398234024842 0.3052007267699137 0.19014113798190424 -0.4271744079599891
0.6191491009535501 0.8991997097126163 -0.8525856845814608 0.37656695132043394 -0.9981037457165689
-0.25781502521265365 -0.7196401050955792 0.04024668313333679 0.4476865604154652 0.05435839692412285
0.7103572591702771 0.43359284523927544 0.17058873406565622 -0.9634543038526029 0.9872290557382437
0.8804592159566793 -0.3023433647283247 0.23212713793986595 -0.6318659370568007 0.8888352461282316
0.4373492188374568 0.8588661801736708 0.04041600328771122 0.7677351047255525 -0.9122878683457555
0.7279590395909401 -0.6618018894981466 -0.6453381423565232 -0.08906203834825988 0.7402787096081006
-0.4612559326806207 -0.8438483704516002 -0.9508163497768973 0.2735973534792937 -0.7458575113129456
-0.509993401217677 -0.34899940455988965 -0.48200563234985827 -0.770979877703861 0.12763117113935282
-0.028274220466469435 -0.7301695013190479 0.20534120594151828 0.5625480232834104 0.33790348149801297
0.9103832853023797 0.7665597783000464 -0.3218098470145294 0.30423520726845954 -0.46374853557678947
-0.9878823291108476 -0.48164208588368385 0.40965436431063806 -0.5037025675686373 0.3959633298575099
0.7778431292941088 -0.6411903876137726 0.0578341167005727 -0.9576101833566684 0.6496430631622951
0.6275230895099078 0.9129083809526564 0.7878247787518933 -0.029127402002110392 0.506884643250147
-0.8246113755163227 0.7789997455849478 0.8750955125971351 0.8262159447967556 -0.9998709643014239
0.4333412742536278 -0.9355353259155785 0.17838994993294532 0.7703292519383893 0.7010988079780353
0.5146555432092419 0.03298940389192917 -0.9070359165005877 -0.8636160935423172 0.42435216272005394
0.980220903172522 0.2467887035350782 -0.22303616198075038 -0.5137007930707502 0.8542450067723709
-0.5926690221409614 0.13248451111809434 0.564618709815041 0.903381192209709 -0.8742632193221871
-0.6294566011463858 0.18939838203366133 -0.41500836596254165 0.25924258380420273 -0.9969836189985362
0.8447037416049212 0.626553716783639 -0.8992672643401431 -0.5763232380474403 -0.10460230260195533
0.22395534602874867 -0.19768995128308275 -0.6387217491109489 0.7166941284141048 -0.8038684181079211
0.1269141957489084 -0.3620540096210594 -0.9507956594721383 0.42017952817490944 -0.7720160768356846
0.32147032815859444 -0.13741110184583372 -0.8093268340417135 0.7310138162795716 -0.8826446395790127
0.4361254277483624 -0.21562585405928902 -0.31740298439695036 0.7546622718212255 -0.4080471195181525
0.3446989423615632 0.615635713004556 -0.3786781880930392 -0.34743355076632154 -0.29760348051749974
0.673215310633104 0.7702271261271114 -0.039434649217030326 -0.8964474821833317 0.6889221826107533
0.9565632510672191 0.5503960023915828 -0.6674926664386516 0.9883488928311281 -0.9488818718734382
0.3044081839051216 0.07519375147854368 -0.38634730245881044 -0.16127267933213196 0.004139797475219752
0.9967334809124844 -0.6159997305359557 0.9398563004654454 -0.49320778738356585 0.09564890650284694
0.5050630362460449 -0.13726968516794114 0.969822059163078 0.2602746342128188 0.9761333976442428
-0.7656585312721298 0.9613489163310653 -0.5839284144926744 -0.6305910866214881 -0.994005567158595
0.5771336821779025 0.6643890505974843 0.5888304101716935 0.807737758221418 -0.3014020255357312
-0.5028315996765962 -0.47696533333566604 -0.7550841858716293 0.3043087832156932 -0.8844244250358283
0.6088747166073174 -0.7833450542750502 -0.6612062908489225 -0.8568711409573644 0.9998539986536075
-0.23114375310576096 0.061548346098394546 -0.6927520825505808 -0.7874122520147977 -0.1967401074026045
-0.35948091257738013 -0.9514928375314533 -0.3879455202483224 -0.2700204808404729 0.4565262305946889
-0.27956043814488396 -0.08642142766766137 0.06904426377610728 0.11198168360542726 -0.23388969432298382
0.16447847458341136 -0.9781328611469222 0.48074525619735264 -0.4517028921705353 0.8755307267905816
-0.16115228329500253 -0.2569196006679417 0.8884891597390479 0.14277670763489647 0.745629995448208
0.26067440038877376 0.9667601854834422 0.6925375756470993 0.4475690519028843 -0.44494895449653066
0.02583143426288914 -0.2724033162664663 -0.8529775401124073 -0.33790493808297484 -0.21514260451011405
0.4078197162086292 0.8176900610268216 -0.8670449228348565 -0.10937636871967715 -0.9197876074787887
0.8476592301776191 0.09655998536912502 -0.9842569488464576 0.17222589290753665 -0.3943712962450253
-0.22769424095753754 0.08496302101286202 -0.0017295358275659645 -0.6375223428982266 0.317541379851374
0.8022893997718838 0.27933236816068074 -0.4795970473204896 -0.5349944344728241 0.5466467281642565
0.23869781304784143 0.6706476513314272 -0.17091177801251156 0.11139972630912931 -0.6550594826842386
0.0735613613520405 0.7835253672516291 -0.2229326538094385 -0.053148825225696195 -0.77057818684854
0.7479089759375841 0.6104412951417102 0.13600443375726723 0.5390949921635404 -0.2625103518140954
-0.3796596617315966 0.5068677965500394 -0.9571465300431661 -0.7813252623931324 -0.8735013016459282
-0.3781623569124959 0.9219149695994684 -0.8290305561346412 -0.6016268798171043 -0.999062038020352
-0.7617347318456846 0.8754668678331541 0.08735577584061893 0.19156691979835916 -0.9854802928207054
-0.14032756236098187 -0.03279257838902083 -0.4899503101118501 -0.5874950826888716 -0.009990045218053417
-0.9244520436212897 -0.8521187692210281 0.4719597156387316 0.3729594849257105 0.02666379582832326
-0.8645348612048014 -0.5632153454131419 -0.5959600570273846 -0.12345378119447026 -0.6988767140055341
-0.052793055182945636 -0.6084451331641947 -0.6362644580036392 -0.3845753852353906 0.2993038796077844
-0.030920983502057853 -0.4136365012827963 0.23903227276518657 0.5092879557517878 0.1122229340427089
-0.26362554180372344 0.3796838612308986 -0.6444558281113619 0.42463289860717257 -0.9899912054000571
-0.034910326385309665 0.07332908435299701 -0.0797916089287325 -0.5913955070751473 0.3925150305165743
0.17921358430942846 0.9755740626052058 0.5904529022598182 0.11489210309483822 -0.31532554370870564
0.6317388343226586 0.9070899996179453 0.8957117784934705 -0.3607772934638467 0.8311306723450014
-0.47266542034168 -0.05538982704209161 0.9316705059496586 0.645192814699109 -0.13042527053685352
0.8124510329466961 0.4139707260068206 -0.5810458479022622 0.1784516144863777 -0.35322600343226385
-0.21048784200798898 0.6765950914943011 -0.02020207376555838 -0.9455372359508278 0.03824290071157158
-0.6015964283538027 -0.11263106098589559 0.7256594754521426 0.14342743832539262 0.09313151253337776
-0.6445623923991597 0.6249122033112737 0.47792881464092574 0.7860924467852799 -0.9999765942862485
0.014057595319760141 0.8445163334208139 0.7429974610110739 0.9866436770134885 -0.8791639959755211
0.029120999782095147 0.9289081904779737 0.4190246827046311 0.21753901797465325 -0.6429176940431053
-0.20071390911858544 0.01160074998964089 -0.7852371700467895 -0.47517758156110435 -0.49893915303841774
-0.3227464000639415 -0.7278187586726217 0.036238461944393174 -0.07963532739901535 0.49770100065834044
0.9177405521588222 0.3440200210503457 -0.24768245416713874 0.6312096794894946 -0.3004568533546386
0.615982958094923 -0.9113676359196841 0.02030413532719999 0.19109536303994057 0.9771389022954472
0.5832609898471186 0.015414023241614672 -0.029267347027703616 0.7577574323160583 -0.2174271789589386
0.17642655712703736 0.8211101339974556 -0.2568038189731783 -0.6158697296678151 -0.2817501481682454
0.14688315604965152 -0.34149972953141816 0.9494305448537781 0.9941992456248059 0.4292066157869441
-0.8822733182201081 0.3739349250575561 0.1526188681951608 0.31389831724973893 -0.9882712306187953
-0.8109485462958925 0.7845005109206806 0.16759694883572096 0.4221702266195735 -0.9612690474272532
-0.7716735061563615 0.022038754778514136 -0.352598683064824 0.46704423349875945 -0.9990945087987881
-0.8949205881520059 0.4444887761560765 0.9504743919411867 -0.8876552083164082 0.4783020476961615
0.6901005803958884 0.1119839412602488 0.8378419519513294 0.36442329723856126 0.8681861207496432
-0.23754145570876295 0.9586558019844189 0.307316925785893 0.05314579732993896 -0.8087514287557239
-0.9434845985823404 -0.371719432559499 0.2420043763702886 -0.9545389233483048 0.584917333151126
-0.41303927373099425 -0.6665118727264296 -0.15992868045039343 -0.38617825265323114 0.46153272498601955
0.39006434475370266 0.14793343170808826 0.3108645993167809 0.8477006208783782 -0.29045768468256017
0.6042580380320637 -0.5605612921187577 0.3803025931665076 0.5478511625838074 0.8399932384193427
0.37928488196735644 -0.04368747049257227 0.6898636275355357 -0.6369442318777752 0.9840250994736789
-0.3853548924945964 0.6867186478533027 -0.979102104907309 0.7560873081784192 -0.3281360579799449
0.12093204883372088 0.5416479044786788 0.6616925827009419 0.5864421899136569 -0.33863467626531674
-0.16027200264873764 -0.5356073500941978 0.9495457151608448 0.16939557039130904 0.914990950915602
0.5382785777305088 -0.6572978556158826 -0.2991737354875519 -0.6926295925390082 0.9998337294235909
0.08682357500242577 0.5384040781791972 0.8499004132751042 -0.05894800040291304 0.4414983575094664
-0.5160246649454499 0.37049262459572563 -0.27918459002566887 -0.6784052860218184 -0.4682388669696235
0.7394544130661758 0.13649777456313705 -0.14102869154554987 0.0438325839797602 0.4060206115064114
0.459132343403601 -0.8334843329119768 0.011907505629562332 -0.5332365077941625 0.96457615433993
0.6459390340267113 0.6612226320341916 -0.14874236428634213 0.8252258275868336 -0.8356152093214115
0.6184246557520503 -0.2896762991957802 0.9740875481436615 0.40793304769931704 0.9953435483254378
-0.6652094879379604 -0.9255714625057567 0.7973653688873177 0.8074420829285451 0.2476803416523193
0.8841291826600868 0.8643834405731912 -0.9986244039617971 0.048681726286894156 -0.8560404810912629
-0.5758334325324674 0.40656823281841636 0.3296309517024818 0.7917637965200639 -0.9920395607404631
0.29066450297028434 0.6537330591728214 -0.20510788237039956 -0.30354230273395033 -0.26155615787012637
0.6537677073940571 0.5151032392779118 0.6860480923528274 -0.5616402607950568 0.9830384636526323
0.41023015016662767 0.8154003302399397 -0.6571327632722728 0.7372863282129642 -0.9739408670948182
-0.15651302005604562 0.24364675432303584 0.46000938136481473 0.1521364756774839 -0.09215592531447225
-0.28276003277593853 0.5841568010507141 0.7152799286112164 0.626193326581699 -0.7017352473391312
0.24846482241899004 -0.8309762954011479 -0.5379342027838101 0.39625228321921546 0.14474438471040543
0.48756272450976934 0.7934657621580039 -0.05766491417789843 0.5465677769704533 -0.789587035389443
-0.11414884006963799 -0.16461656104780165 0.6823473231639678 0.5372750818571661 0.1942962354307767
0.3507653689108323 -0.37926447826847043 -0.7735233659010101 0.7810097914023477 -0.734210659278586
0.5684613127688902 -0.22429705985369974 0.9748724056878351 -0.8906628730656114 0.46470285558242347
-0.04284661735065254 -0.30673422106242576 0.14805819560856825 0.7239813086724154 -0.30699648701837046
-0.23968229697537713 -0.3907633485301849 -0.38531741924645657 -0.5296611207869946 0.29114622855606426
0.6393457926215129 0.9255898991565412 -0.23492730481066748 0.6113374437308172 -0.905479769537299
-0.8305057068236168 -0.24738416625295057 -0.28878712721913846 -0.3155899318727913 -0.5280636359208095
-0.26492681466247814 -0.22545447354943504 -0.7044097408877863 0.4659944378032388 -0.93557240351583
-0.6101601057805341 -0.16695689393245394 0.46159876678752165 0.07436667776770634 -0.055941903328261114
-0.3354469085855074 0.31703381064948766 -0.06421158085510559 -0.9502233545148717 0.23141416417325103
0.35385821503992676 -0.4970088168707658 -0.6712988632426506 -0.3208769225666612 0.47981609540874515
0.4935780478456506 0.7862341007949263 0.24428238613505426 0.3300564045730281 -0.36946207572956435
0.6182639355021371 0.6500997329568259 0.685390029158514 -0.5786265982942673 0.9432154757690527
0.24711127262451038 0.35330603227627244 0.27702941179262197 -0.5523363765601239 0.6617653503276667
-0.9634637426549317 -0.2242206421438402 -0.2369255535829764 0.9724922093943222 -0.9294546045774893
0.2865494598519489 -0.4808803120656693 -0.8582958137639825 0.9290933292612513 -0.8520867574671674
-0.9928757754554107 -0.2679702284004406 0.8799437276696453 0.8776661244816151 -0.6613580960691423
-0.8180138136015538 -0.011125012538269807 -0.544333057224057 0.7764055216624539 -0.8489341548628431
0.4964748553421563 0.11479126205210233 -0.6981304677761524 0.4998079166646887 -0.728585647062218
-0.4933509202071631 0.5743868539443118 -0.6937765691446778 0.13924380207654607 -0.9460547152624812
0.9950735224012708 -0.4491053473531721 -0.4804318345192302 0.288065045582496 0.6254296054259484
-0.7213102174468267 -0.12480760078077013 -0.6288340614422518 -0.768645057032147 -0.44098120158976684
-0.43726795321978695 0.9420845581026751 -0.48267630522982063 -0.906308086983517 -0.8167298281030813
-0.4798451614027255 -0.6306247663046398 -0.46491756626760816 -0.8114551416574909 0.4770694202990929
-0.11789368907186959 -0.41511414430515425 -0.5894157950540206 0.2253034383203507 -0.49470797753741813
-0.5558173057694658 -0.17472545545642792 0.4324568811870235 -0.005386336346259846 0.05672090877025472
0.9368534947740121 0.4746736443433808 -0.9182088071272068 0.44872960397621187 -0.7862759984417543
0.21035047494285086 -0.6253065749914732 0.05590186912552331 -0.18642837860620665 0.8810073774348004
0.7838746150686611 -0.17012948195147604 -0.10012564480833164 -0.9935213519037478 0.9619885411954582
0.9601594071762707 -0.6334623824754186 0.7651393047623882 -0.7008210324308866 0.08191862759257501
0.9265128117443846 -0.9102412312233399 -0.017854382877609654 0.6022651617492925 0.9379374997759184
-0.6882608795034186 0.8106950161280617 -0.40498334819719073 -0.3573944288949653 -0.999705946498597
0.30928440033171656 0.8489809731933184 0.15808328879672406 -0.3403220132735645 -0.0412795384017813
0.06746311443011654 0.47745385407189467 0.7313537295713319 -0.9364779114741306 0.9514278340637955
-0.05774719955717744 0.6753715120416279 0.602122212296482 0.6408160784881314 -0.6974353632957286
-0.023119489348458533 -0.8454828553784339 -0.03257716204765426 0.5528313414801806 0.23474367121709727
-0.8212319263115646 0.4423157554219983 0.8870375243648656 0.9091796863152293 -0.9596317086967362
-0.8930578010946604 -0.9681346912176372 0.3358494144625288 0.48675244532889894 -0.07575349992044993
-0.9104133966274894 -0.09358485777193959 -0.9925669002286401 -0.8319097923163274 -0.8290941953375917
0.9763594635747068 -0.7330679480387119 -0.8127431391892908 -0.7960733882830733 0.9925719308097647
-0.636916852723618 -0.5535246800060734 -0.8949495327566277 0.7812649587853517 -0.9822282185023814
0.9722087528172034 0.8259749395303395 -0.4084253665662749 0.4523677841377427 -0.6552846117149018
0.30524461630497957 -0.821839192467499 -0.1668608617267069 0.5597822870886562 0.3898241791847736
-0.8637207167965584 -0.04701521597838787 -0.9063294943399076 0.062231760674230197 -0.9770892398102856
-0.5572718175826508 -0.8611465563106322 -0.3408971989394567 -0.2904104675100483 0.2506852154074887
-0.9250588205604773 0.5404280806058412 0.002919821579496773 -0.7953358240607307 -0.6188134076824068
-0.9859073474481548 -0.3690948554692228 0.7382802185600907 -0.328857448849045 0.43525831438353013
-0.7024527563751384 0.05805717968114532 0.4756654205336317 -0.3955916625711682 0.11052090149232648
-0.7434068886200635 0.17766857061436903 0.9549689922664988 0.8913170674474868 -0.7561590667278864
-0.05101408670572227 0.1935981800946749 0.6498261200611664 -0.3998141007839451 0.7208500179799129
0.2729403919755218 -0.42624221515063354 0.3903292603363675 0.20587679889589294 0.773049869735145
-0.7045294951300543 -0.1532555251758132 -0.24324277183709953 0.7333324224941651 -0.9990779123586538
0.8804360699127951 -0.3588810800147517 -0.8006841552969708 0.6339002050626228 -0.19402867421333878
0.8697956789389409 0.7643279287349147 -0.2035524655569514 0.13121078761700167 -0.2272915219339146
0.49062711878471643 0.9515249596378192 0.9923742991983515 -0.20495547831291705 0.6716487224247243
0.7412330297409127 0.6215620061516489 0.72738452534991 0.5250124115339456 0.3165053210911067
0.504945920068997 0.3845264473445098 0.9674637992489921 -0.8462085496430529 0.9347308258186545
-0.5016581412354373 -0.6542155318666727 -0.42741159802780615 -0.39594354329029735 0.12079363812926285
-0.24280061578643797 0.4890565046670441 -0.587299022571532 -0.8929352112924183 -0.41343279024780477
-0.6966522868084959 0.4806737270123702 -0.1972443445146863 -0.33552306371725127 -0.8619215571733944
-0.1376308455106101 -0.7318264796763401 0.6386839889910338 -0.07816907213532964 0.9664548263917438
-0.037510205078690184 0.4316783439064893 0.5591926037513615 -0.4520737742274574 0.5159170524788547
0.2597706776955533 0.4033225121980699 -0.13936167839768077 -0.4081939585967391 0.12495298604465273
-0.7468514127646313 0.7783421699799653 -0.7284608266851915 -0.3442716809532602 -0.9432251402295829
-0.6107753070644966 -0.9222198166208893 -0.5070931839374404 0.9621299905362675 -0.9159137806913019
0.8477488635302182 0.8260483680749047 0.581636150887759 0.744313165649279 -0.1405100129947203
-0.035330311139099235 0.8288369499589765 0.9740431697163139 -0.634140531213989 0.6772484794599388
0.7127858438442374 0.8744043575512883 0.396221405618419 0.24285165086528626 -0.00824866541052693
0.5730988267676607 0.636565287663565 -0.653905359579823 -0.8659487352595656 0.1480308761264581
0.4660158740499627 0.31276766856387805 -0.40091120673428615 0.29605314012972106 -0.5173198010084884
0.8966524951158239 0.3932895904936031 0.8319749208757858 -0.8782015973816268 0.8004545777482789
-0.6636359733844923 -0.3467106933988935 -0.29497910343996026 0.9521409817513244 -0.9999772123451628
-0.6225352481626885 -0.21082768222162973 -0.6937565763491989 0.31386974494224873 -0.9885514764201493
0.9226769467802391 -0.9152451274924653 -0.37038933712734234 -0.5621500249286429 0.8965463068088644
-0.4119365861990114 -0.08283797805940818 0.7519145307036805 -0.3099941477192796 0.668960991727144
-0.08777593455391863 0.6410371240119572 0.9219335517364087 0.3149097878598073 -0.12148844192684143
0.37506762315752207 0.9965838884516685 0.5350857067711559 0.4373473446814431 -0.5001551210349274
0.4995977756346439 -0.4707786578208477 0.9833231414023929 -0.11242181141589636 0.8798142498075489
0.024751032346124635 0.6763269172617437 0.10167410283070155 0.4005207291337589 -0.8136611998093441
0.02108872125488892 -0.9135380177882606 -0.2588536710036482 0.0844098428764275 0.5574932648388944
-0.5896286082465079 0.215550128015638 -0.822951444016742 -0.5440988189034421 -0.8838507299766423
0.644369225744412 0.7081105997025439 -0.9857209259914268 -0.24980162942150552 -0.7171196364844747
-0.18322363875765468 0.8023328157617236 -0.0740765214570911 0.7238327020885744 -0.9774709782401722
0.19565329475387472 0.10440342816864923 -0.0663986976812394 -0.21511589402989784 0.23767063327510574
-0.5196863902981683 -0.7661934601267237 -0.09767118943169129 0.5806465537109704 -0.4185159581930935
-0.398565058225252 -0.9447253483694784 -0.05452607540663412 -0.47275194750374006 0.8216992319799256
-0.5736775940934311 0.7394143868669456 0.2677368628276866 -0.06231602831016647 -0.8321863741771931
0.16487182882038653 0.333710431106653 -0.47744054727363294 -0.14297707800297577 -0.48232076000636
0.16155096695292936 0.03228535223835971 -0.8171446843051968 -0.6089689005370562 -0.07882830137864393
-0.5457727731111404 -0.41799416779811316 -0.27031255038883306 0.38686699394612445 -0.7067955760383132
-0.682283537847026 0.9568526204013714 0.16247196352911586 0.5110098688399138 -0.9143576230825333
-0.3312437356998965 -0.4014718960178736 0.8149999273575361 0.28526328169666404 0.5646134261662652
0.6762726569984996 -0.08276654620723156 -0.2986466073733136 -0.7858198125185223 0.9477835028769847
0.9506999058581114 0.18391616974932812 -0.8295048580822537 -0.18116824986382207 0.118170358730013
-0.7335379241997684 0.3272342502877046 -0.3080915581541759 0.07744274557702768 -0.9922611411073773
-0.3294836741946252 0.003665562368125874 -0.9301993701347806 0.2699561141007212 -0.9992972720597494
0.6534914947553674 0.9350521598410779 0.46867067655909267 -0.0878219129711042 0.2714814186969821
0.7000528866063607 -0.9364091538536983 0.9031805179044601 -0.8809303469655232 -0.2753754704339825
-0.2579939205077264 0.11599445373817519 -0.6182933024520705 0.061121209890093064 -0.8691113779535187
0.6209643575958266 0.031034963284988892 0.08680287091631023 0.39807045578348044 0.27506932619384517
0.31666732622325733 0.29036970768207926 0.8598940559141945 0.6095549288214419 0.27312181776459754
0.929321350297929 -0.13164135853140824 -0.16423542313281048 -0.8341955827168661 0.9872071150878327
-0.8972899259605711 -0.37120643693416744 0.6567589485881136 -0.2235285137957843 0.34684386360148406
0.3969034620100227 0.690541939195163 -0.44768644155492465 0.966843248493209 -0.990579317542228
0.8817753744487584 -0.6741544150561849 0.6265570967170475 -0.23692773058914818 0.661020567196842
-0.6219363980739385 0.45458432259613346 0.9398039824844961 0.796473565123266 -0.8035231299256996
0.15815404332474925 0.41828827552765224 0.08960112494496686 0.7235131689269592 -0.7796121542339841
-0.0163133966158151 -0.3259903369243222 0.3264277126487449 0.669009136422964 -0.03289854614550131
-0.26355878774251607 0.7085215064494308 0.23948690163208308 0.00570644037903989 -0.6730314177764913
-0.17490318179943953 0.6914354783401198 -0.4645497677672734 0.290123565377443 -0.9987394583361179
-0.5050920032876112 -0.22362249900616815 0.15158155064420953 0.432361875025135 -0.5330910307861597
-0.08967524311467656 0.5934562946962614 -0.5568424845469231 -0.12721841525182453 -0.8969205958808074
0.022840760834923923 -0.8408646317468573 0.031095212746414136 0.9455784997293131 -0.05075607630631007
0.5638052526425306 0.6620740425693592 -0.1053299840519375 -0.5049661224814646 0.29682620791383196
0.9441717462924617 0.0064205256249632026 -0.1495052572108242 0.673804229058615 0.11419209240423688
-0.5660153571541764 0.3782491283845264 -0.6726857413720713 0.8549200916545956 -0.6207683232773047
0.8859013692054956 0.21578150381627959 -0.870359929267942 -0.6967356743432602 0.4763472099038622
-0.3149694217358654 -0.9158187126159953 0.6896480351008425 0.16956897178148633 0.9005045218751119
0.693092093939417 -0.18065868550658704 0.4508981342166869 -0.1051763970092745 0.9900800307961809
0.9553900779411268 -0.1655594756216463 -0.6331506079643872 0.8902325026135611 -0.391658641433586
-0.549469071661959 0.636264088221135 0.18097740018171882 0.8274847767671696 -0.9660176922239233
-0.6001135616439641 0.08003101190465678 0.4483170364794822 0.715182338130921 -0.8116725660408689
0.6867658797420757 0.0005720853617083854 0.030713034343309298 -0.21157691060891493 0.8007125475975839
0.8065437536431699 -0.9416480347526677 -0.5592913880753845 0.4849479465520541 0.647235650809595
0.4640511278459638 0.0004458522494905637 0.4474760550242125 0.1865385990259918 0.6627931082092716
0.04145763573933858 -0.57256895482931 -0.07567841656246976 -0.5552927316805134 0.8883048996886859
0.0769084366810251 0.812681476874809 0.35283492220967383 -0.7659111674001744 0.3736797919120902
-0.03872127603508524 0.8799102361842563 0.19265711001616848 0.12031906661578695 -0.7488290019528931
0.5010927685179494 -0.9924212125491032 -0.8406558754488018 -0.7791890221225295 0.9903897622290637
0.4872118105363097 -0.12803728919269175 -0.8867720535974433 0.7600185564651987 -0.8580915688638578
-0.4315221018892572 0.2114457927347977 -0.6000081260111838 0.22987066937721368 -0.9952067684072676
0.2796463175794992 -0.5675445216274595 -0.9319252154748086 0.9101660371795708 -0.8387047368447099
0.034827283344202264 0.4376337663182661 0.5152747591048803 -0.5162603995544044 0.5881170170935508
0.5640416088286542 0.9705415693417243 -0.31629146864667423 -0.8745290339649654 0.15115599938830718
0.6188514526451068 -0.9884399111038946 0.5621239246181728 0.03285479344191633 0.8441792061601039
-0.987195324106346 0.8388816184354466 -0.31377358151676016 0.2604657367315515 -0.6752299380557305
-0.26903895651033416 0.8513233586318867 -0.16994454024791117 -0.15048548121158833 -0.9085588884590067
0.9714771266916693 -0.809742117587773 0.8288262381109386 0.797109436907919 0.9708271349041572
-0.1359970999094795 0.3939638520438782 0.7861360508787905 0.9265927350093424 -0.6213132850819099
-0.10336737644630678 0.11402517052117123 0.11223248480088799 0.9778738472249842 -0.8833837132077822
0.2657584836325284 -0.013579753419485696 -0.3670695879896759 -0.2782877535456407 0.18940525543194162
-0.10641894476237623 0.6646737639199469 -0.7761584990708399 -0.4450070164477524 -0.8922230714438023
-0.1976296636961994 -0.7501922492794957 -0.9994869458465987 0.3492346058158087 -0.7146747316113145
0.9373168052044378 0.8098902465103588 0.9940512683134948 0.577310395388601 0.5177059589667585
-0.20394769884146124 -0.9619176097219437 0.9087968918448734 0.5826198165309595 0.8839048097804635
0.5235827638391002 0.578239581829026 -0.43236445960870484 0.026731794203604275 -0.4914492738776675
-0.8600911736234231 0.4432757965785692 0.6143877566761973 0.5151311143320523 -0.9335206176524792
0.33907947083265744 0.7144613418880634 0.05404017498077107 -0.2226243415161211 -0.09855709731798902
0.8545972137459665 0.23538192177937312 0.8545353033469685 0.03951308143272003 0.9906903262804194
0.4249855164403322 -0.19710883450602834 0.638559321169212 -0.885998139427904 0.8387267530250575
0.9937181042269048 0.3758892477287572 -0.23589488058157526 0.9329692357868009 -0.5235695331006887
0.7931225225868221 -0.912597953082277 -0.16857086514302 -0.2963361558766593 0.9656950813608278
0.04648370935667301 -0.4724163978192779 -0.4075844982118395 0.1840738186937605 -0.07269403267087454
0.2458078076088146 -0.8106905778055618 -0.9979460055902911 0.17995085189174742 -0.12110050492012855
-0.7925176176415978 -0.3161875587776013 -0.8990940769439797 -0.8128425849196927 -0.5333716576568994
-0.9583952179888295 -0.2155815995603736 -0.21584246079608538 -0.6698500797541698 -0.28480787784976597
-0.2736529918064279 -0.07692910834942035 -0.1305283626607172 0.8424201434839615 -0.9206227305782996
-0.6526266036017703 -0.7962199164634363 -0.8976047913617773 -0.18145007470790686 -0.5417867245212695
-0.38497979931556126 0.3215805204214295 -0.17631612597647428 0.45115632975367603 -0.9721021986747405
-0.8177882430991015 -0.8471389997339855 -0.5402251298409828 0.8391029185467531 -0.975718384317109
-0.6336481119899049 -0.19163990236357864 -0.3105774764518272 -0.3281501100687205 -0.4118065039760826
